# Created by Octave 5.2.0, Mon Apr 13 16:08:43 2020 GMT <unknown@DESKTOP-PRH74CR>
# name: J
# type: scalar
303.99319222026429


# name: X
# type: matrix
# rows: 12
# columns: 1
 -15.936758133785411
 -29.152979217238133
 36.189548626662528
 37.492187331995133
 -48.058829452570066
 -8.941457938049755
 15.307792889226079
 -34.706265811322488
 1.3891543686358903
 -44.383759851686918
 7.0135020824041119
 22.762748919711303


# name: X_poly
# type: matrix
# rows: 12
# columns: 9
 1 -0.36214077554124974 -0.75508668849796479 0.18222587629837164 -0.70618990800851056 0.30661791722746912 -0.5908776729559333 0.34451579706053137 -0.50848116508608521
 1 -0.80320484470222897 0.0012582526585592508 -0.24793699140162295 -0.32702341977990323 0.09339631866080407 -0.43581760634161093 0.25541611554264121 -0.44891249308948095
 1 1.3774670007604348 0.58482671511300888 1.2497685638179841 0.24531197410209168 0.97835969590555971 -0.012155697630857089 0.75656848366298546 -0.17035211374866302
 1 1.4209398758275706 0.70664675392490106 1.3598455937369738 0.39553403842322227 1.1061617776984707 0.12563713483254613 0.87192908129193591 -0.059637692981224268
 1 -1.4341485299727454 1.8539998188415008 -2.0371630828142928 2.3314313340360333 -2.4115362637000852 2.602211953688403 -2.6456745086420268 2.7660852509235343
 1 -0.1286870863322529 -0.97596877589044573 0.25138507508027413 -0.73968686941445794 0.31695292847647971 -0.59499662973634104 0.34581181232834518 -0.5089553483781416
 1 0.68058155229355777 -0.78002895079679246 0.34065573762211704 -0.71172111545152417 0.32650913106547313 -0.59179017852481808 0.34682999623144456 -0.50861304819385267
 1 -0.98853430967846634 0.45135800383967034 -0.60128187101831343 0.092917122819471301 -0.2184729476897172 -0.14160847424034204 0.039403492509400839 -0.26669268787875527
 1 0.2160757526169341 -1.0749927627401616 0.26627515648349653 -0.74336904703084006 0.31756139140189571 -0.59512924507911402 0.34583489772633408 -0.50896005054848481
 1 -1.3115006760680596 1.4228059510965834 -1.5481209360546033 1.4933962499601998 -1.5159076657462875 1.3886547806095395 -1.3683066393316843 1.2241435265580698
 1 0.40377673562461114 -1.0150103852636858 0.27337851052319823 -0.74197654683414216 0.31774198209430932 -0.59509836110284786 0.34583911486003283 -0.50895937678074088
 1 0.92937530517189404 -0.41980793228517077 0.51096836772641629 -0.58862381282164 0.3826157346056287 -0.55903000351862286 0.36183235676005948 -0.50066480079617437


# name: X_poly_test
# type: matrix
# rows: 21
# columns: 9
 1 -0.94220394006417318 0.33149913504800882 -0.50128941658074166 -0.033073542945115102 -0.11950564999641496 -0.24013304457239681 0.11556833231869464 -0.33419136929297349
 1 -1.0955245381238408 0.74684031700683162 -0.86457120801892651 0.44742866238584783 -0.51620815084798177 0.17545708225093737 -0.2229238310057774 -0.017757741454500885
 1 -1.5392101458845391 2.2506284870170656 -2.5201129573364938 3.2197714325366418 -3.4304177454503004 4.0835437559337029 -4.3183923307202097 4.931833624784498
 1 -0.034947118210831192 -1.0297084938865775 0.26143345232334669 -0.74255592277391413 0.31746899952719915 -0.59511544259534332 0.34583324955728439 -0.50895982030701503
 1 0.87926365452133315 -0.50370911064123602 0.46565794163209029 -0.62559047500497322 0.36380905132197577 -0.57115889343745585 0.35575668857679238 -0.50415463165664576
 1 -1.1758653859289181 0.98587430825770828 -1.093949508635635 0.77993180339645596 -0.81674511310171571 0.5197878740154287 -0.52932264503671855 0.29485372711582625
 1 -0.31557797545413752 -0.80905889885670235 0.2024112566436144 -0.71759818667246156 0.31063977786296942 -0.59267560733780711 0.34514027472766218 -0.50872995245101682
 1 1.2563303138699948 0.26810010755026964 0.98251154735325397 -0.095558777239069942 0.70710766471604125 -0.28593098689000102 0.54183055088376775 -0.36358784209869011
 1 0.61669373164452512 -0.84976527220780018 0.31607607554662659 -0.72482340847216964 0.32214922212359809 -0.59363128348030358 0.34622548785172697 -0.50884088054421783
 1 1.6451291858977952 1.4032548200027812 2.0593203154917985 1.458551425429975 2.1153974362374943 1.342480091692827 2.0135190952682263 1.1705668271214766
 1 0.13158108982625333 -1.0757848000805406 0.2661885666972133 -0.7433702108126008 0.31756131559485135 -0.59512924636631614 0.34583489766304792 -0.50896005054974636
 1 -0.25635199725220159 -0.87056934782934559 0.22303791375880277 -0.72805817006729534 0.31395078341208127 -0.59400553612837659 0.34555560028467996 -0.50887882273946161
 1 1.3062143444959333 0.39447747452156967 1.0857597037340478 0.031844904135562867 0.80511902415236491 -0.190369502043963 0.61418396521762431 -0.30078512514169653
 1 1.4787188678610128 0.8752223345850928 1.5184537240218996 0.62092875722282381 1.3058523810593476 0.34986232470254447 1.0674447969119583 0.13580662009466354
 1 0.23561034470648076 -1.0724938228445913 0.26637926866694156 -0.74336243258023527 0.31756165580687451 -0.59512923156640918 0.34583489826701552 -0.50896005052349302
 1 1.1582804632049102 0.036227866749800997 0.80557970638619081 -0.29959129875593699 0.56033806731827507 -0.41981606425347484 0.44693545769510173 -0.44073904781355633
 1 -0.62020938537265746 -0.36636306054427875 -0.0089630337345053754 -0.56244963102039758 0.23847336367220265 -0.54949418603063149 0.32480591329602954 -0.497621344086283
 1 -0.13103465377486453 -0.97436589259421447 0.25103220055654635 -0.73956955408844893 0.31692861688497526 -0.59499024543229539 0.34581051062215101 -0.50895504415985859
 1 -1.6971853644744743 2.8943700710211968 -3.3664609554103446 4.9012142550797506 -5.514036894991535 7.3575088192344458 -8.3151306699033753 10.527936110077437
 1 -1.0219850592440494 0.54093793320078687 -0.67863488917747128 0.19379291548927485 -0.30047938481843189 -0.057123875481726524 -0.028178883725508065 -0.20472156636188918
 1 0.487099047305737 -0.96264921701774198 0.28406862278291317 -0.73865616797792732 0.31838947410142604 -0.594937252256034 0.34587044503214365 -0.50895234948222035


